 #  Results from PENMAIN.
 #  Energy distribution of transmitted photons.
 #  1st column: E (eV).
 #  2nd and 3rd columns: probability density and STU (1/(eV*particle)).

   1.666667E+04  1.761600E-07  6.982701E-09
   5.000000E+04  5.966400E-07  1.298263E-08
   8.333333E+04  4.904700E-07  1.171650E-08
   1.166667E+05  4.208100E-07  1.080309E-08
   1.500000E+05  3.690600E-07  1.009472E-08
   1.833333E+05  3.488400E-07  9.810739E-09
   2.166667E+05  2.731800E-07  8.662976E-09
   2.500000E+05  2.264400E-07  7.872314E-09
   2.833333E+05  2.018700E-07  7.431254E-09
   3.166667E+05  1.839000E-07  7.075410E-09
   3.500000E+05  1.769400E-07  6.947635E-09
   3.833333E+05  1.693800E-07  6.798499E-09
   4.166667E+05  1.600200E-07  6.575267E-09
   4.500000E+05  1.752900E-07  6.900635E-09
   4.833333E+05  1.928700E-07  7.230125E-09
   5.166667E+05  1.389030E-06  1.900412E-08
   5.500000E+05  1.338300E-07  6.016619E-09
   5.833333E+05  1.345500E-07  6.033951E-09
   6.166667E+05  1.339200E-07  6.017274E-09
   6.500000E+05  1.256400E-07  5.830209E-09
   6.833333E+05  1.196700E-07  5.694296E-09
   7.166667E+05  1.144800E-07  5.562144E-09
   7.500000E+05  1.103700E-07  5.457789E-09
   7.833333E+05  1.046700E-07  5.317490E-09
   8.166667E+05  1.034700E-07  5.294804E-09
   8.500000E+05  9.498000E-08  5.070425E-09
   8.833333E+05  9.315000E-08  5.012086E-09
   9.166667E+05  8.568000E-08  4.812975E-09
   9.500000E+05  8.523000E-08  4.802096E-09
   9.833333E+05  8.343000E-08  4.749806E-09
   1.016667E+06  7.749000E-08  4.577036E-09
   1.050000E+06  7.737000E-08  4.575284E-09
   1.083333E+06  7.206000E-08  4.416635E-09
   1.116667E+06  6.858000E-08  4.298171E-09
   1.150000E+06  6.678000E-08  4.245334E-09
   1.183333E+06  6.255000E-08  4.107248E-09
   1.216667E+06  6.321000E-08  4.132716E-09
   1.250000E+06  6.090000E-08  4.054876E-09
   1.283333E+06  5.958000E-08  4.010867E-09
   1.316667E+06  5.874000E-08  3.984639E-09
   1.350000E+06  5.595000E-08  3.891417E-09
   1.383333E+06  5.631000E-08  3.899688E-09
   1.416667E+06  5.112000E-08  3.714173E-09
   1.450000E+06  5.271000E-08  3.771325E-09
   1.483333E+06  4.932000E-08  3.652822E-09
   1.516667E+06  4.917000E-08  3.645071E-09
   1.550000E+06  4.800000E-08  3.599370E-09
   1.583333E+06  4.776000E-08  3.590386E-09
   1.616667E+06  4.608000E-08  3.526853E-09
   1.650000E+06  4.551000E-08  3.502722E-09
   1.683333E+06  4.473000E-08  3.472620E-09
   1.716667E+06  4.266000E-08  3.393821E-09
   1.750000E+06  4.026000E-08  3.297243E-09
   1.783333E+06  3.990000E-08  3.280041E-09
   1.816667E+06  4.104000E-08  3.326506E-09
   1.850000E+06  3.855000E-08  3.224147E-09
   1.883333E+06  3.744000E-08  3.182544E-09
   1.916667E+06  3.879000E-08  3.241660E-09
   1.950000E+06  3.525000E-08  3.083232E-09
   1.983333E+06  3.690000E-08  3.154480E-09
   2.016667E+06  3.543000E-08  3.091084E-09
   2.050000E+06  3.390000E-08  3.023683E-09
   2.083333E+06  3.492000E-08  3.071421E-09
   2.116667E+06  3.426000E-08  3.039677E-09
   2.150000E+06  3.093000E-08  2.888337E-09
   2.183333E+06  3.117000E-08  2.907878E-09
   2.216667E+06  3.033000E-08  2.863044E-09
   2.250000E+06  3.126000E-08  2.906476E-09
   2.283333E+06  2.940000E-08  2.816065E-09
   2.316667E+06  2.979000E-08  2.834663E-09
   2.350000E+06  2.964000E-08  2.827524E-09
   2.383333E+06  2.907000E-08  2.803122E-09
   2.416667E+06  2.895000E-08  2.794451E-09
   2.450000E+06  2.805000E-08  2.750712E-09
   2.483333E+06  2.892000E-08  2.795903E-09
   2.516667E+06  2.922000E-08  2.810323E-09
   2.550000E+06  2.709000E-08  2.703275E-09
   2.583333E+06  2.826000E-08  2.760980E-09
   2.616667E+06  2.736000E-08  2.719681E-09
   2.650000E+06  2.592000E-08  2.644306E-09
   2.683333E+06  2.541000E-08  2.618184E-09
   2.716667E+06  2.586000E-08  2.641246E-09
   2.750000E+06  2.406000E-08  2.550919E-09
   2.783333E+06  2.346000E-08  2.515799E-09
   2.816667E+06  2.511000E-08  2.602696E-09
   2.850000E+06  2.541000E-08  2.618184E-09
   2.883333E+06  2.454000E-08  2.573010E-09
   2.916667E+06  2.349000E-08  2.520622E-09
   2.950000E+06  2.220000E-08  2.447359E-09
   2.983333E+06  2.406000E-08  2.547742E-09
   3.016667E+06  2.274000E-08  2.480191E-09
   3.050000E+06  2.124000E-08  2.393896E-09
   3.083333E+06  2.205000E-08  2.439083E-09
   3.116667E+06  2.262000E-08  2.470384E-09
   3.150000E+06  2.247000E-08  2.462185E-09
   3.183333E+06  2.046000E-08  2.349560E-09
   3.216667E+06  2.112000E-08  2.393906E-09
   3.250000E+06  2.166000E-08  2.417432E-09
   3.283333E+06  2.115000E-08  2.392211E-09
   3.316667E+06  2.091000E-08  2.375240E-09
   3.350000E+06  2.073000E-08  2.365002E-09
   3.383333E+06  1.986000E-08  2.314876E-09
   3.416667E+06  1.965000E-08  2.306128E-09
   3.450000E+06  1.932000E-08  2.283208E-09
   3.483333E+06  1.899000E-08  2.263637E-09
   3.516667E+06  1.911000E-08  2.274338E-09
   3.550000E+06  1.971000E-08  2.306123E-09
   3.583333E+06  1.779000E-08  2.190993E-09
   3.616667E+06  1.854000E-08  2.236673E-09
   3.650000E+06  1.794000E-08  2.200205E-09
   3.683333E+06  1.779000E-08  2.190993E-09
   3.716667E+06  1.818000E-08  2.214865E-09
   3.750000E+06  1.845000E-08  2.231241E-09
   3.783333E+06  1.959000E-08  2.299097E-09
   3.816667E+06  1.860000E-08  2.240287E-09
   3.850000E+06  1.902000E-08  2.265424E-09
   3.883333E+06  1.854000E-08  2.236673E-09
   3.916667E+06  1.932000E-08  2.283208E-09
   3.950000E+06  1.677000E-08  2.127291E-09
   3.983333E+06  1.698000E-08  2.140562E-09
   4.016667E+06  1.734000E-08  2.166863E-09
   4.050000E+06  1.650000E-08  2.110107E-09
   4.083333E+06  1.746000E-08  2.170589E-09
   4.116667E+06  1.689000E-08  2.134885E-09
   4.150000E+06  1.683000E-08  2.131091E-09
   4.183333E+06  1.674000E-08  2.125389E-09
   4.216667E+06  1.602000E-08  2.079204E-09
   4.250000E+06  1.653000E-08  2.112023E-09
   4.283333E+06  1.584000E-08  2.067497E-09
   4.316667E+06  1.710000E-08  2.148108E-09
   4.350000E+06  1.482000E-08  1.999856E-09
   4.383333E+06  1.527000E-08  2.029976E-09
   4.416667E+06  1.479000E-08  1.997832E-09
   4.450000E+06  1.569000E-08  2.057689E-09
   4.483333E+06  1.608000E-08  2.083092E-09
   4.516667E+06  1.665000E-08  2.119671E-09
   4.550000E+06  1.620000E-08  2.090846E-09
   4.583333E+06  1.503000E-08  2.013968E-09
   4.616667E+06  1.521000E-08  2.025986E-09
   4.650000E+06  1.416000E-08  1.954839E-09
   4.683333E+06  1.548000E-08  2.043879E-09
   4.716667E+06  1.437000E-08  1.969274E-09
   4.750000E+06  1.383000E-08  1.931936E-09
   4.783333E+06  1.488000E-08  2.003898E-09
   4.816667E+06  1.377000E-08  1.927743E-09
   4.850000E+06  1.365000E-08  1.919329E-09
   4.883333E+06  1.473000E-08  1.993777E-09
   4.916667E+06  1.527000E-08  2.029976E-09
   4.950000E+06  1.440000E-08  1.971328E-09
   4.983333E+06  1.428000E-08  1.963101E-09
   5.016667E+06  1.455000E-08  1.981564E-09
   5.050000E+06  1.350000E-08  1.908759E-09
   5.083333E+06  1.458000E-08  1.983604E-09
   5.116667E+06  1.440000E-08  1.971328E-09
   5.150000E+06  1.440000E-08  1.971328E-09
   5.183333E+06  1.335000E-08  1.898130E-09
   5.216667E+06  1.425000E-08  1.961039E-09
   5.250000E+06  1.374000E-08  1.925643E-09
   5.283333E+06  1.311000E-08  1.880998E-09
   5.316667E+06  1.311000E-08  1.880998E-09
   5.350000E+06  1.380000E-08  1.929841E-09
   5.383333E+06  1.365000E-08  1.919329E-09
   5.416667E+06  1.326000E-08  1.891723E-09
   5.450000E+06  1.395000E-08  1.940296E-09
   5.483333E+06  1.410000E-08  1.950695E-09
   5.516667E+06  1.455000E-08  1.981564E-09
   5.550000E+06  1.338000E-08  1.900260E-09
   5.583333E+06  1.398000E-08  1.942380E-09
   5.616667E+06  1.233000E-08  1.824207E-09
   5.650000E+06  1.404000E-08  1.946542E-09
   5.683333E+06  1.359000E-08  1.915108E-09
   5.716667E+06  1.203000E-08  1.801887E-09
   5.750000E+06  1.215000E-08  1.810848E-09
   5.783333E+06  1.266000E-08  1.848447E-09
   5.816667E+06  1.197000E-08  1.797390E-09
   5.850000E+06  1.230000E-08  1.821987E-09
   5.883333E+06  1.290000E-08  1.865878E-09
   5.916667E+06  1.341000E-08  1.902388E-09
   5.950000E+06  1.227000E-08  1.819765E-09
   5.983333E+06  1.266000E-08  1.848447E-09
   6.016667E+06  1.293000E-08  1.868046E-09
   6.050000E+06  1.323000E-08  1.889583E-09
   6.083333E+06  1.347000E-08  1.906638E-09
   6.116667E+06  1.245000E-08  1.833059E-09
   6.150000E+06  1.263000E-08  1.846257E-09
   6.183333E+06  1.185000E-08  1.788361E-09
   6.216667E+06  1.242000E-08  1.830850E-09
   6.250000E+06  1.188000E-08  1.790623E-09
   6.283333E+06  1.218000E-08  1.813082E-09
   6.316667E+06  1.254000E-08  1.839670E-09
   6.350000E+06  1.182000E-08  1.786097E-09
   6.383333E+06  1.176000E-08  1.781560E-09
   6.416667E+06  1.251000E-08  1.837469E-09
   6.450000E+06  1.224000E-08  1.817540E-09
   6.483333E+06  1.332000E-08  1.895997E-09
   6.516667E+06  1.233000E-08  1.824207E-09
   6.550000E+06  1.266000E-08  1.848447E-09
   6.583333E+06  1.230000E-08  1.821987E-09
   6.616667E+06  1.254000E-08  1.839670E-09
   6.650000E+06  1.218000E-08  1.813082E-09
   6.683333E+06  1.026000E-08  1.664107E-09
   6.716667E+06  1.278000E-08  1.857183E-09
   6.750000E+06  1.206000E-08  1.804132E-09
   6.783333E+06  1.182000E-08  1.786097E-09
   6.816667E+06  1.206000E-08  1.804132E-09
   6.850000E+06  1.254000E-08  1.839670E-09
   6.883333E+06  1.224000E-08  1.817540E-09
   6.916667E+06  1.122000E-08  1.740192E-09
   6.950000E+06  1.071000E-08  1.700196E-09
   6.983333E+06  1.224000E-08  1.817540E-09
   7.016667E+06  1.038000E-08  1.673807E-09
   7.050000E+06  1.188000E-08  1.790623E-09
   7.083333E+06  1.230000E-08  1.821987E-09
   7.116667E+06  1.182000E-08  1.786097E-09
   7.150000E+06  1.224000E-08  1.817540E-09
   7.183333E+06  1.188000E-08  1.790623E-09
   7.216667E+06  1.167000E-08  1.774732E-09
   7.250000E+06  1.203000E-08  1.801887E-09
   7.283333E+06  1.110000E-08  1.730864E-09
   7.316667E+06  1.284000E-08  1.861536E-09
   7.350000E+06  1.191000E-08  1.792881E-09
   7.383333E+06  1.155000E-08  1.765588E-09
   7.416667E+06  1.074000E-08  1.702575E-09
   7.450000E+06  1.128000E-08  1.744837E-09
   7.483333E+06  1.059000E-08  1.690648E-09
   7.516667E+06  1.200000E-08  1.799640E-09
   7.550000E+06  1.095000E-08  1.719134E-09
   7.583333E+06  1.068000E-08  1.697814E-09
   7.616667E+06  1.158000E-08  1.767878E-09
   7.650000E+06  1.167000E-08  1.774732E-09
   7.683333E+06  1.128000E-08  1.744837E-09
   7.716667E+06  1.185000E-08  1.788361E-09
   7.750000E+06  1.110000E-08  1.730864E-09
   7.783333E+06  1.131000E-08  1.747154E-09
   7.816667E+06  1.089000E-08  1.714419E-09
   7.850000E+06  1.194000E-08  1.795137E-09
   7.883333E+06  1.044000E-08  1.678636E-09
   7.916667E+06  1.104000E-08  1.726182E-09
   7.950000E+06  1.095000E-08  1.719134E-09
   7.983333E+06  1.176000E-08  1.781560E-09
   8.016667E+06  1.128000E-08  1.744837E-09
   8.050000E+06  1.089000E-08  1.714419E-09
   8.083333E+06  1.137000E-08  1.751781E-09
   8.116667E+06  1.080000E-08  1.707323E-09
   8.150000E+06  1.068000E-08  1.697814E-09
   8.183333E+06  1.182000E-08  1.786097E-09
   8.216667E+06  1.164000E-08  1.772450E-09
   8.250000E+06  1.017000E-08  1.656795E-09
   8.283333E+06  1.170000E-08  1.777011E-09
   8.316667E+06  1.122000E-08  1.740192E-09
   8.350000E+06  1.083000E-08  1.709691E-09
   8.383333E+06  1.128000E-08  1.744837E-09
   8.416667E+06  1.056000E-08  1.688252E-09
   8.450000E+06  1.098000E-08  1.721486E-09
   8.483333E+06  1.086000E-08  1.712057E-09
   8.516667E+06  1.011000E-08  1.651902E-09
   8.550000E+06  1.179000E-08  1.783830E-09
   8.583333E+06  1.068000E-08  1.697814E-09
   8.616667E+06  1.044000E-08  1.678636E-09
   8.650000E+06  1.125000E-08  1.742516E-09
   8.683333E+06  1.119000E-08  1.737865E-09
   8.716667E+06  1.071000E-08  1.700196E-09
   8.750000E+06  1.140000E-08  1.754090E-09
   8.783333E+06  1.149000E-08  1.760997E-09
   8.816667E+06  1.140000E-08  1.754090E-09
   8.850000E+06  1.023000E-08  1.661673E-09
   8.883333E+06  1.113000E-08  1.733201E-09
   8.916667E+06  1.098000E-08  1.721486E-09
   8.950000E+06  1.098000E-08  1.721486E-09
   8.983333E+06  1.053000E-08  1.685854E-09
   9.016667E+06  1.140000E-08  1.754090E-09
   9.050000E+06  1.080000E-08  1.707323E-09
   9.083333E+06  1.056000E-08  1.688252E-09
   9.116667E+06  1.002000E-08  1.644535E-09
   9.150000E+06  1.011000E-08  1.651902E-09
   9.183333E+06  1.071000E-08  1.700196E-09
   9.216667E+06  1.071000E-08  1.700196E-09
   9.250000E+06  1.125000E-08  1.742516E-09
   9.283333E+06  1.074000E-08  1.702575E-09
   9.316667E+06  1.107000E-08  1.728525E-09
   9.350000E+06  9.930000E-09  1.637135E-09
   9.383333E+06  1.125000E-08  1.742516E-09
   9.416667E+06  1.002000E-08  1.644535E-09
   9.450000E+06  1.095000E-08  1.719134E-09
   9.483333E+06  1.140000E-08  1.754090E-09
   9.516667E+06  1.164000E-08  1.772450E-09
   9.550000E+06  1.200000E-08  1.799640E-09
   9.583333E+06  9.780000E-09  1.624727E-09
   9.616667E+06  1.098000E-08  1.721486E-09
   9.650000E+06  1.065000E-08  1.695429E-09
   9.683333E+06  1.152000E-08  1.763294E-09
   9.716667E+06  1.110000E-08  1.730864E-09
   9.750000E+06  1.185000E-08  1.788361E-09
   9.783333E+06  1.095000E-08  1.719134E-09
   9.816667E+06  1.077000E-08  1.704950E-09
   9.850000E+06  1.209000E-08  1.806373E-09
   9.883333E+06  1.068000E-08  1.697814E-09
   9.916667E+06  1.215000E-08  1.810848E-09
   9.950000E+06  1.161000E-08  1.770166E-09
   9.983333E+06  1.920660E-05  4.319422E-08
