 #  Results from PENMAIN.
 #  Energy distribution of backscattered photons.
 #  1st column: E (eV).
 #  2nd and 3rd columns: probability density and STU (1/(eV*particle)).

   1.666667E+03  1.000000E-35  1.000000E-35
   5.000000E+03  1.000000E-35  1.000000E-35
   8.333333E+03  1.000000E-35  1.000000E-35
   1.166667E+04  1.233000E-07  1.824207E-08
   1.500000E+04  1.518000E-07  2.023988E-08
   1.833333E+04  1.572000E-07  2.059654E-08
   2.166667E+04  1.899000E-07  2.267213E-08
   2.500000E+04  1.905000E-07  2.270778E-08
   2.833333E+04  2.061000E-07  2.358151E-08
   3.166667E+04  2.076000E-07  2.370131E-08
   3.500000E+04  2.067000E-07  2.361579E-08
   3.833333E+04  2.067000E-07  2.365006E-08
   4.166667E+04  1.869000E-07  2.249301E-08
   4.500000E+04  1.935000E-07  2.284979E-08
   4.833333E+04  1.614000E-07  2.086973E-08
   5.166667E+04  1.605000E-07  2.088919E-08
   5.500000E+04  1.458000E-07  1.983604E-08
   5.833333E+04  1.398000E-07  1.942380E-08
   6.166667E+04  1.344000E-07  1.904514E-08
   6.500000E+04  1.311000E-07  1.880998E-08
   6.833333E+04  1.035000E-07  1.671387E-08
   7.166667E+04  1.104000E-07  1.726182E-08
   7.500000E+04  8.700000E-08  1.532423E-08
   7.833333E+04  8.880000E-08  1.548189E-08
   8.166667E+04  8.610000E-08  1.524478E-08
   8.500000E+04  8.280000E-08  1.494986E-08
   8.833333E+04  8.580000E-08  1.521820E-08
   9.166667E+04  6.450000E-08  1.319517E-08
   9.500000E+04  6.720000E-08  1.346846E-08
   9.833333E+04  6.150000E-08  1.288472E-08
   1.016667E+05  5.760000E-08  1.246957E-08
   1.050000E+05  5.310000E-08  1.197266E-08
   1.083333E+05  4.740000E-08  1.131193E-08
   1.116667E+05  4.830000E-08  1.141880E-08
   1.150000E+05  4.470000E-08  1.098508E-08
   1.183333E+05  3.960000E-08  1.033953E-08
   1.216667E+05  3.930000E-08  1.030030E-08
   1.250000E+05  3.450000E-08  9.650870E-09
   1.283333E+05  3.900000E-08  1.026091E-08
   1.316667E+05  3.300000E-08  9.438760E-09
   1.350000E+05  2.970000E-08  8.954444E-09
   1.383333E+05  2.670000E-08  8.490205E-09
   1.416667E+05  2.490000E-08  8.199050E-09
   1.450000E+05  2.160000E-08  7.636478E-09
   1.483333E+05  2.580000E-08  8.345898E-09
   1.516667E+05  2.280000E-08  7.845720E-09
   1.550000E+05  1.860000E-08  7.086387E-09
   1.583333E+05  1.770000E-08  6.912827E-09
   1.616667E+05  2.130000E-08  7.583266E-09
   1.650000E+05  1.980000E-08  7.311393E-09
   1.683333E+05  1.650000E-08  6.674395E-09
   1.716667E+05  1.530000E-08  6.427122E-09
   1.750000E+05  1.590000E-08  6.551925E-09
   1.783333E+05  1.380000E-08  6.103957E-09
   1.816667E+05  1.320000E-08  5.969793E-09
   1.850000E+05  1.380000E-08  6.103957E-09
   1.883333E+05  1.230000E-08  5.762694E-09
   1.916667E+05  1.320000E-08  5.969793E-09
   1.950000E+05  9.000000E-09  4.929429E-09
   1.983333E+05  1.050000E-08  5.324379E-09
   2.016667E+05  1.020000E-08  5.247767E-09
   2.050000E+05  1.050000E-08  5.324379E-09
   2.083333E+05  9.300000E-09  5.010910E-09
   2.116667E+05  7.800000E-09  4.589058E-09
   2.150000E+05  6.600000E-09  4.221328E-09
   2.183333E+05  7.800000E-09  4.589058E-09
   2.216667E+05  5.700000E-09  3.922972E-09
   2.250000E+05  6.000000E-09  4.024882E-09
   2.283333E+05  6.300000E-09  4.124275E-09
   2.316667E+05  8.400000E-09  4.762286E-09
   2.350000E+05  6.300000E-09  4.124275E-09
   2.383333E+05  6.900000E-09  4.316199E-09
   2.416667E+05  4.800000E-09  3.599971E-09
   2.450000E+05  5.700000E-09  3.922972E-09
   2.483333E+05  3.900000E-09  3.244975E-09
   2.516667E+05  3.600000E-09  3.117673E-09
   2.550000E+05  6.000000E-09  4.024882E-09
   2.583333E+05  2.700000E-09  2.699988E-09
   2.616667E+05  5.100000E-09  3.710764E-09
   2.650000E+05  4.500000E-09  3.485659E-09
   2.683333E+05  3.900000E-09  3.244975E-09
   2.716667E+05  2.400000E-09  2.545574E-09
   2.750000E+05  4.800000E-09  3.599971E-09
   2.783333E+05  1.800000E-09  2.204534E-09
   2.816667E+05  2.400000E-09  2.545574E-09
   2.850000E+05  2.100000E-09  2.381168E-09
   2.883333E+05  4.500000E-09  3.485659E-09
   2.916667E+05  2.700000E-09  2.699988E-09
   2.950000E+05  1.500000E-09  2.012456E-09
   2.983333E+05  4.200000E-09  3.367468E-09
   3.016667E+05  2.100000E-09  2.381168E-09
   3.050000E+05  1.500000E-09  2.012456E-09
   3.083333E+05  2.700000E-09  2.699988E-09
   3.116667E+05  2.100000E-09  2.381168E-09
   3.150000E+05  1.500000E-09  2.012456E-09
   3.183333E+05  1.800000E-09  2.204534E-09
   3.216667E+05  1.500000E-09  2.012456E-09
   3.250000E+05  2.700000E-09  2.699988E-09
   3.283333E+05  1.500000E-09  2.012456E-09
   3.316667E+05  3.600000E-09  3.117673E-09
   3.350000E+05  1.800000E-09  2.204534E-09
   3.383333E+05  1.200000E-09  1.799996E-09
   3.416667E+05  2.100000E-09  2.381168E-09
   3.450000E+05  9.000000E-10  1.558843E-09
   3.483333E+05  2.100000E-09  2.381168E-09
   3.516667E+05  9.000000E-10  1.558843E-09
   3.550000E+05  3.000000E-10  8.999995E-10
   3.583333E+05  1.800000E-09  2.204534E-09
   3.616667E+05  9.000000E-10  1.558843E-09
   3.650000E+05  1.200000E-09  1.799996E-09
   3.683333E+05  1.500000E-09  2.012456E-09
   3.716667E+05  3.000000E-09  2.846036E-09
   3.750000E+05  1.500000E-09  2.012456E-09
   3.783333E+05  9.000000E-10  1.558843E-09
   3.816667E+05  2.400000E-09  2.545574E-09
   3.850000E+05  6.000000E-10  1.272791E-09
   3.883333E+05  3.000000E-10  8.999995E-10
   3.916667E+05  1.200000E-09  1.799996E-09
   3.950000E+05  1.200000E-09  1.799996E-09
   3.983333E+05  6.000000E-10  1.272791E-09
   4.016667E+05  6.000000E-10  1.272791E-09
   4.050000E+05  6.000000E-10  1.272791E-09
   4.083333E+05  3.000000E-10  8.999995E-10
   4.116667E+05  1.200000E-09  1.799996E-09
   4.150000E+05  6.000000E-10  1.272791E-09
   4.183333E+05  9.000000E-10  1.558843E-09
   4.216667E+05  1.500000E-09  2.012456E-09
   4.250000E+05  1.500000E-09  2.012456E-09
   4.283333E+05  9.000000E-10  1.558843E-09
   4.316667E+05  1.000000E-35  1.000000E-35
   4.350000E+05  3.000000E-10  8.999995E-10
   4.383333E+05  6.000000E-10  1.272791E-09
   4.416667E+05  9.000000E-10  1.558843E-09
   4.450000E+05  3.000000E-10  8.999995E-10
   4.483333E+05  3.000000E-10  8.999995E-10
   4.516667E+05  6.000000E-10  1.272791E-09
   4.550000E+05  3.000000E-10  8.999995E-10
   4.583333E+05  6.000000E-10  1.272791E-09
   4.616667E+05  1.000000E-35  1.000000E-35
   4.650000E+05  3.000000E-10  8.999995E-10
   4.683333E+05  3.000000E-10  8.999995E-10
   4.716667E+05  6.000000E-10  1.272791E-09
   4.750000E+05  1.500000E-09  2.012456E-09
   4.783333E+05  6.000000E-10  1.272791E-09
   4.816667E+05  9.000000E-10  1.558843E-09
   4.850000E+05  1.200000E-09  1.799996E-09
   4.883333E+05  6.000000E-10  1.272791E-09
   4.916667E+05  6.000000E-10  1.272791E-09
   4.950000E+05  3.000000E-10  8.999995E-10
   4.983333E+05  1.200000E-09  1.799996E-09
   5.016667E+05  3.000000E-10  8.999995E-10
   5.050000E+05  6.000000E-10  1.272791E-09
   5.083333E+05  6.000000E-10  1.272791E-09
   5.116667E+05  3.000000E-10  8.999995E-10
   5.150000E+05  3.000000E-10  8.999995E-10
   5.183333E+05  3.000000E-10  8.999995E-10
   5.216667E+05  6.000000E-10  1.272791E-09
   5.250000E+05  1.000000E-35  1.000000E-35
   5.283333E+05  6.000000E-10  1.272791E-09
   5.316667E+05  3.000000E-10  8.999995E-10
   5.350000E+05  1.000000E-35  1.000000E-35
   5.383333E+05  1.000000E-35  1.000000E-35
   5.416667E+05  3.000000E-10  8.999995E-10
   5.450000E+05  3.000000E-10  8.999995E-10
   5.483333E+05  6.000000E-10  1.272791E-09
   5.516667E+05  1.000000E-35  1.000000E-35
   5.550000E+05  6.000000E-10  1.272791E-09
   5.583333E+05  1.000000E-35  1.000000E-35
   5.616667E+05  3.000000E-10  8.999995E-10
   5.650000E+05  9.000000E-10  1.558843E-09
   5.683333E+05  1.000000E-35  1.000000E-35
   5.716667E+05  1.000000E-35  1.000000E-35
   5.750000E+05  1.000000E-35  1.000000E-35
   5.783333E+05  6.000000E-10  1.272791E-09
   5.816667E+05  9.000000E-10  1.558843E-09
   5.850000E+05  6.000000E-10  1.272791E-09
   5.883333E+05  3.000000E-10  8.999995E-10
   5.916667E+05  6.000000E-10  1.272791E-09
   5.950000E+05  1.000000E-35  1.000000E-35
   5.983333E+05  1.000000E-35  1.000000E-35
   6.016667E+05  3.000000E-10  8.999995E-10
   6.050000E+05  1.000000E-35  1.000000E-35
   6.083333E+05  3.000000E-10  8.999995E-10
   6.116667E+05  3.000000E-10  8.999995E-10
   6.150000E+05  1.000000E-35  1.000000E-35
   6.183333E+05  1.000000E-35  1.000000E-35
   6.216667E+05  9.000000E-10  1.558843E-09
   6.250000E+05  1.000000E-35  1.000000E-35
   6.283333E+05  1.000000E-35  1.000000E-35
   6.316667E+05  1.000000E-35  1.000000E-35
   6.350000E+05  1.000000E-35  1.000000E-35
   6.383333E+05  1.000000E-35  1.000000E-35
   6.416667E+05  1.000000E-35  1.000000E-35
   6.450000E+05  3.000000E-10  8.999995E-10
   6.483333E+05  1.000000E-35  1.000000E-35
   6.516667E+05  1.000000E-35  1.000000E-35
   6.550000E+05  3.000000E-10  8.999995E-10
   6.583333E+05  6.000000E-10  1.272791E-09
   6.616667E+05  1.000000E-35  1.000000E-35
   6.650000E+05  1.000000E-35  1.000000E-35
   6.683333E+05  1.000000E-35  1.000000E-35
   6.716667E+05  1.000000E-35  1.000000E-35
   6.750000E+05  1.000000E-35  1.000000E-35
   6.783333E+05  1.000000E-35  1.000000E-35
   6.816667E+05  6.000000E-10  1.272791E-09
   6.850000E+05  1.000000E-35  1.000000E-35
   6.883333E+05  3.000000E-10  8.999995E-10
   6.916667E+05  1.000000E-35  1.000000E-35
   6.950000E+05  1.000000E-35  1.000000E-35
   6.983333E+05  1.000000E-35  1.000000E-35
   7.016667E+05  1.000000E-35  1.000000E-35
   7.050000E+05  3.000000E-10  8.999995E-10
   7.083333E+05  1.000000E-35  1.000000E-35
   7.116667E+05  1.000000E-35  1.000000E-35
   7.150000E+05  1.000000E-35  1.000000E-35
   7.183333E+05  1.000000E-35  1.000000E-35
   7.216667E+05  1.000000E-35  1.000000E-35
   7.250000E+05  1.000000E-35  1.000000E-35
   7.283333E+05  1.000000E-35  1.000000E-35
   7.316667E+05  1.000000E-35  1.000000E-35
   7.350000E+05  1.000000E-35  1.000000E-35
   7.383333E+05  1.000000E-35  1.000000E-35
   7.416667E+05  1.000000E-35  1.000000E-35
   7.450000E+05  3.000000E-10  8.999995E-10
   7.483333E+05  1.000000E-35  1.000000E-35
   7.516667E+05  1.000000E-35  1.000000E-35
   7.550000E+05  3.000000E-10  8.999995E-10
   7.583333E+05  1.000000E-35  1.000000E-35
   7.616667E+05  1.000000E-35  1.000000E-35
   7.650000E+05  1.000000E-35  1.000000E-35
   7.683333E+05  1.000000E-35  1.000000E-35
   7.716667E+05  1.000000E-35  1.000000E-35
   7.750000E+05  1.000000E-35  1.000000E-35
   7.783333E+05  1.000000E-35  1.000000E-35
   7.816667E+05  1.000000E-35  1.000000E-35
   7.850000E+05  1.000000E-35  1.000000E-35
   7.883333E+05  1.000000E-35  1.000000E-35
   7.916667E+05  1.000000E-35  1.000000E-35
   7.950000E+05  1.000000E-35  1.000000E-35
   7.983333E+05  1.000000E-35  1.000000E-35
   8.016667E+05  1.000000E-35  1.000000E-35
   8.050000E+05  1.000000E-35  1.000000E-35
   8.083333E+05  1.000000E-35  1.000000E-35
   8.116667E+05  1.000000E-35  1.000000E-35
   8.150000E+05  3.000000E-10  8.999995E-10
   8.183333E+05  1.000000E-35  1.000000E-35
   8.216667E+05  1.000000E-35  1.000000E-35
   8.250000E+05  3.000000E-10  8.999995E-10
   8.283333E+05  1.000000E-35  1.000000E-35
   8.316667E+05  1.000000E-35  1.000000E-35
   8.350000E+05  1.000000E-35  1.000000E-35
   8.383333E+05  1.000000E-35  1.000000E-35
   8.416667E+05  1.000000E-35  1.000000E-35
   8.450000E+05  1.000000E-35  1.000000E-35
   8.483333E+05  1.000000E-35  1.000000E-35
   8.516667E+05  1.000000E-35  1.000000E-35
   8.550000E+05  1.000000E-35  1.000000E-35
   8.583333E+05  1.000000E-35  1.000000E-35
   8.616667E+05  1.000000E-35  1.000000E-35
   8.650000E+05  1.000000E-35  1.000000E-35
   8.683333E+05  1.000000E-35  1.000000E-35
   8.716667E+05  1.000000E-35  1.000000E-35
   8.750000E+05  1.000000E-35  1.000000E-35
   8.783333E+05  1.000000E-35  1.000000E-35
   8.816667E+05  1.000000E-35  1.000000E-35
   8.850000E+05  1.000000E-35  1.000000E-35
   8.883333E+05  1.000000E-35  1.000000E-35
   8.916667E+05  1.000000E-35  1.000000E-35
   8.950000E+05  1.000000E-35  1.000000E-35
   8.983333E+05  1.000000E-35  1.000000E-35
   9.016667E+05  1.000000E-35  1.000000E-35
   9.050000E+05  1.000000E-35  1.000000E-35
   9.083333E+05  1.000000E-35  1.000000E-35
   9.116667E+05  1.000000E-35  1.000000E-35
   9.150000E+05  1.000000E-35  1.000000E-35
   9.183333E+05  1.000000E-35  1.000000E-35
   9.216667E+05  1.000000E-35  1.000000E-35
   9.250000E+05  1.000000E-35  1.000000E-35
   9.283333E+05  1.000000E-35  1.000000E-35
   9.316667E+05  1.000000E-35  1.000000E-35
   9.350000E+05  1.000000E-35  1.000000E-35
   9.383333E+05  1.000000E-35  1.000000E-35
   9.416667E+05  1.000000E-35  1.000000E-35
   9.450000E+05  1.000000E-35  1.000000E-35
   9.483333E+05  1.000000E-35  1.000000E-35
   9.516667E+05  1.000000E-35  1.000000E-35
   9.550000E+05  1.000000E-35  1.000000E-35
   9.583333E+05  1.000000E-35  1.000000E-35
   9.616667E+05  1.000000E-35  1.000000E-35
   9.650000E+05  1.000000E-35  1.000000E-35
   9.683333E+05  1.000000E-35  1.000000E-35
   9.716667E+05  1.000000E-35  1.000000E-35
   9.750000E+05  1.000000E-35  1.000000E-35
   9.783333E+05  1.000000E-35  1.000000E-35
   9.816667E+05  1.000000E-35  1.000000E-35
   9.850000E+05  1.000000E-35  1.000000E-35
   9.883333E+05  1.000000E-35  1.000000E-35
   9.916667E+05  1.000000E-35  1.000000E-35
   9.950000E+05  1.000000E-35  1.000000E-35
   9.983333E+05  1.000000E-35  1.000000E-35
