 #  Results from PENMAIN.
 #  Energy distribution of backscattered positrons.
 #  1st column: E (eV).
 #  2nd and 3rd columns: probability density and STU (1/(eV*particle)).

   1.666667E+03  1.000000E-35  1.000000E-35
   5.000000E+03  1.000000E-35  1.000000E-35
   8.333333E+03  1.000000E-35  1.000000E-35
   1.166667E+04  1.000000E-35  1.000000E-35
   1.500000E+04  1.000000E-35  1.000000E-35
   1.833333E+04  1.000000E-35  1.000000E-35
   2.166667E+04  1.000000E-35  1.000000E-35
   2.500000E+04  1.000000E-35  1.000000E-35
   2.833333E+04  1.000000E-35  1.000000E-35
   3.166667E+04  1.000000E-35  1.000000E-35
   3.500000E+04  1.000000E-35  1.000000E-35
   3.833333E+04  1.000000E-35  1.000000E-35
   4.166667E+04  1.000000E-35  1.000000E-35
   4.500000E+04  1.000000E-35  1.000000E-35
   4.833333E+04  1.000000E-35  1.000000E-35
   5.166667E+04  1.000000E-35  1.000000E-35
   5.500000E+04  1.000000E-35  1.000000E-35
   5.833333E+04  1.000000E-35  1.000000E-35
   6.166667E+04  1.000000E-35  1.000000E-35
   6.500000E+04  1.000000E-35  1.000000E-35
   6.833333E+04  1.000000E-35  1.000000E-35
   7.166667E+04  1.000000E-35  1.000000E-35
   7.500000E+04  1.000000E-35  1.000000E-35
   7.833333E+04  1.000000E-35  1.000000E-35
   8.166667E+04  1.000000E-35  1.000000E-35
   8.500000E+04  1.000000E-35  1.000000E-35
   8.833333E+04  1.000000E-35  1.000000E-35
   9.166667E+04  1.000000E-35  1.000000E-35
   9.500000E+04  1.000000E-35  1.000000E-35
   9.833333E+04  1.000000E-35  1.000000E-35
   1.016667E+05  1.000000E-35  1.000000E-35
   1.050000E+05  1.000000E-35  1.000000E-35
   1.083333E+05  1.000000E-35  1.000000E-35
   1.116667E+05  1.000000E-35  1.000000E-35
   1.150000E+05  1.000000E-35  1.000000E-35
   1.183333E+05  1.000000E-35  1.000000E-35
   1.216667E+05  1.000000E-35  1.000000E-35
   1.250000E+05  1.000000E-35  1.000000E-35
   1.283333E+05  1.000000E-35  1.000000E-35
   1.316667E+05  1.000000E-35  1.000000E-35
   1.350000E+05  1.000000E-35  1.000000E-35
   1.383333E+05  1.000000E-35  1.000000E-35
   1.416667E+05  1.000000E-35  1.000000E-35
   1.450000E+05  1.000000E-35  1.000000E-35
   1.483333E+05  1.000000E-35  1.000000E-35
   1.516667E+05  1.000000E-35  1.000000E-35
   1.550000E+05  1.000000E-35  1.000000E-35
   1.583333E+05  1.000000E-35  1.000000E-35
   1.616667E+05  1.000000E-35  1.000000E-35
   1.650000E+05  1.000000E-35  1.000000E-35
   1.683333E+05  1.000000E-35  1.000000E-35
   1.716667E+05  1.000000E-35  1.000000E-35
   1.750000E+05  1.000000E-35  1.000000E-35
   1.783333E+05  1.000000E-35  1.000000E-35
   1.816667E+05  1.000000E-35  1.000000E-35
   1.850000E+05  1.000000E-35  1.000000E-35
   1.883333E+05  1.000000E-35  1.000000E-35
   1.916667E+05  1.000000E-35  1.000000E-35
   1.950000E+05  1.000000E-35  1.000000E-35
   1.983333E+05  1.000000E-35  1.000000E-35
   2.016667E+05  1.000000E-35  1.000000E-35
   2.050000E+05  1.000000E-35  1.000000E-35
   2.083333E+05  1.000000E-35  1.000000E-35
   2.116667E+05  1.000000E-35  1.000000E-35
   2.150000E+05  1.000000E-35  1.000000E-35
   2.183333E+05  1.000000E-35  1.000000E-35
   2.216667E+05  1.000000E-35  1.000000E-35
   2.250000E+05  1.000000E-35  1.000000E-35
   2.283333E+05  1.000000E-35  1.000000E-35
   2.316667E+05  1.000000E-35  1.000000E-35
   2.350000E+05  1.000000E-35  1.000000E-35
   2.383333E+05  1.000000E-35  1.000000E-35
   2.416667E+05  1.000000E-35  1.000000E-35
   2.450000E+05  1.000000E-35  1.000000E-35
   2.483333E+05  1.000000E-35  1.000000E-35
   2.516667E+05  1.000000E-35  1.000000E-35
   2.550000E+05  1.000000E-35  1.000000E-35
   2.583333E+05  1.000000E-35  1.000000E-35
   2.616667E+05  1.000000E-35  1.000000E-35
   2.650000E+05  1.000000E-35  1.000000E-35
   2.683333E+05  1.000000E-35  1.000000E-35
   2.716667E+05  1.000000E-35  1.000000E-35
   2.750000E+05  1.000000E-35  1.000000E-35
   2.783333E+05  1.000000E-35  1.000000E-35
   2.816667E+05  1.000000E-35  1.000000E-35
   2.850000E+05  1.000000E-35  1.000000E-35
   2.883333E+05  1.000000E-35  1.000000E-35
   2.916667E+05  1.000000E-35  1.000000E-35
   2.950000E+05  1.000000E-35  1.000000E-35
   2.983333E+05  1.000000E-35  1.000000E-35
   3.016667E+05  1.000000E-35  1.000000E-35
   3.050000E+05  1.000000E-35  1.000000E-35
   3.083333E+05  1.000000E-35  1.000000E-35
   3.116667E+05  1.000000E-35  1.000000E-35
   3.150000E+05  1.000000E-35  1.000000E-35
   3.183333E+05  1.000000E-35  1.000000E-35
   3.216667E+05  1.000000E-35  1.000000E-35
   3.250000E+05  1.000000E-35  1.000000E-35
   3.283333E+05  1.000000E-35  1.000000E-35
   3.316667E+05  1.000000E-35  1.000000E-35
   3.350000E+05  1.000000E-35  1.000000E-35
   3.383333E+05  1.000000E-35  1.000000E-35
   3.416667E+05  1.000000E-35  1.000000E-35
   3.450000E+05  1.000000E-35  1.000000E-35
   3.483333E+05  1.000000E-35  1.000000E-35
   3.516667E+05  1.000000E-35  1.000000E-35
   3.550000E+05  1.000000E-35  1.000000E-35
   3.583333E+05  1.000000E-35  1.000000E-35
   3.616667E+05  1.000000E-35  1.000000E-35
   3.650000E+05  1.000000E-35  1.000000E-35
   3.683333E+05  1.000000E-35  1.000000E-35
   3.716667E+05  1.000000E-35  1.000000E-35
   3.750000E+05  1.000000E-35  1.000000E-35
   3.783333E+05  1.000000E-35  1.000000E-35
   3.816667E+05  1.000000E-35  1.000000E-35
   3.850000E+05  1.000000E-35  1.000000E-35
   3.883333E+05  1.000000E-35  1.000000E-35
   3.916667E+05  1.000000E-35  1.000000E-35
   3.950000E+05  1.000000E-35  1.000000E-35
   3.983333E+05  1.000000E-35  1.000000E-35
   4.016667E+05  1.000000E-35  1.000000E-35
   4.050000E+05  1.000000E-35  1.000000E-35
   4.083333E+05  1.000000E-35  1.000000E-35
   4.116667E+05  1.000000E-35  1.000000E-35
   4.150000E+05  1.000000E-35  1.000000E-35
   4.183333E+05  1.000000E-35  1.000000E-35
   4.216667E+05  1.000000E-35  1.000000E-35
   4.250000E+05  1.000000E-35  1.000000E-35
   4.283333E+05  1.000000E-35  1.000000E-35
   4.316667E+05  1.000000E-35  1.000000E-35
   4.350000E+05  1.000000E-35  1.000000E-35
   4.383333E+05  1.000000E-35  1.000000E-35
   4.416667E+05  1.000000E-35  1.000000E-35
   4.450000E+05  1.000000E-35  1.000000E-35
   4.483333E+05  1.000000E-35  1.000000E-35
   4.516667E+05  1.000000E-35  1.000000E-35
   4.550000E+05  1.000000E-35  1.000000E-35
   4.583333E+05  1.000000E-35  1.000000E-35
   4.616667E+05  1.000000E-35  1.000000E-35
   4.650000E+05  1.000000E-35  1.000000E-35
   4.683333E+05  1.000000E-35  1.000000E-35
   4.716667E+05  1.000000E-35  1.000000E-35
   4.750000E+05  1.000000E-35  1.000000E-35
   4.783333E+05  1.000000E-35  1.000000E-35
   4.816667E+05  1.000000E-35  1.000000E-35
   4.850000E+05  1.000000E-35  1.000000E-35
   4.883333E+05  1.000000E-35  1.000000E-35
   4.916667E+05  1.000000E-35  1.000000E-35
   4.950000E+05  1.000000E-35  1.000000E-35
   4.983333E+05  1.000000E-35  1.000000E-35
   5.016667E+05  1.000000E-35  1.000000E-35
   5.050000E+05  1.000000E-35  1.000000E-35
   5.083333E+05  1.000000E-35  1.000000E-35
   5.116667E+05  1.000000E-35  1.000000E-35
   5.150000E+05  1.000000E-35  1.000000E-35
   5.183333E+05  1.000000E-35  1.000000E-35
   5.216667E+05  1.000000E-35  1.000000E-35
   5.250000E+05  1.000000E-35  1.000000E-35
   5.283333E+05  1.000000E-35  1.000000E-35
   5.316667E+05  1.000000E-35  1.000000E-35
   5.350000E+05  1.000000E-35  1.000000E-35
   5.383333E+05  1.000000E-35  1.000000E-35
   5.416667E+05  1.000000E-35  1.000000E-35
   5.450000E+05  1.000000E-35  1.000000E-35
   5.483333E+05  1.000000E-35  1.000000E-35
   5.516667E+05  1.000000E-35  1.000000E-35
   5.550000E+05  1.000000E-35  1.000000E-35
   5.583333E+05  1.000000E-35  1.000000E-35
   5.616667E+05  1.000000E-35  1.000000E-35
   5.650000E+05  1.000000E-35  1.000000E-35
   5.683333E+05  1.000000E-35  1.000000E-35
   5.716667E+05  1.000000E-35  1.000000E-35
   5.750000E+05  1.000000E-35  1.000000E-35
   5.783333E+05  1.000000E-35  1.000000E-35
   5.816667E+05  1.000000E-35  1.000000E-35
   5.850000E+05  1.000000E-35  1.000000E-35
   5.883333E+05  1.000000E-35  1.000000E-35
   5.916667E+05  1.000000E-35  1.000000E-35
   5.950000E+05  1.000000E-35  1.000000E-35
   5.983333E+05  1.000000E-35  1.000000E-35
   6.016667E+05  1.000000E-35  1.000000E-35
   6.050000E+05  1.000000E-35  1.000000E-35
   6.083333E+05  1.000000E-35  1.000000E-35
   6.116667E+05  1.000000E-35  1.000000E-35
   6.150000E+05  1.000000E-35  1.000000E-35
   6.183333E+05  1.000000E-35  1.000000E-35
   6.216667E+05  1.000000E-35  1.000000E-35
   6.250000E+05  1.000000E-35  1.000000E-35
   6.283333E+05  1.000000E-35  1.000000E-35
   6.316667E+05  1.000000E-35  1.000000E-35
   6.350000E+05  1.000000E-35  1.000000E-35
   6.383333E+05  1.000000E-35  1.000000E-35
   6.416667E+05  1.000000E-35  1.000000E-35
   6.450000E+05  1.000000E-35  1.000000E-35
   6.483333E+05  1.000000E-35  1.000000E-35
   6.516667E+05  1.000000E-35  1.000000E-35
   6.550000E+05  1.000000E-35  1.000000E-35
   6.583333E+05  1.000000E-35  1.000000E-35
   6.616667E+05  1.000000E-35  1.000000E-35
   6.650000E+05  1.000000E-35  1.000000E-35
   6.683333E+05  1.000000E-35  1.000000E-35
   6.716667E+05  1.000000E-35  1.000000E-35
   6.750000E+05  1.000000E-35  1.000000E-35
   6.783333E+05  1.000000E-35  1.000000E-35
   6.816667E+05  1.000000E-35  1.000000E-35
   6.850000E+05  1.000000E-35  1.000000E-35
   6.883333E+05  1.000000E-35  1.000000E-35
   6.916667E+05  1.000000E-35  1.000000E-35
   6.950000E+05  1.000000E-35  1.000000E-35
   6.983333E+05  1.000000E-35  1.000000E-35
   7.016667E+05  1.000000E-35  1.000000E-35
   7.050000E+05  1.000000E-35  1.000000E-35
   7.083333E+05  1.000000E-35  1.000000E-35
   7.116667E+05  1.000000E-35  1.000000E-35
   7.150000E+05  1.000000E-35  1.000000E-35
   7.183333E+05  1.000000E-35  1.000000E-35
   7.216667E+05  1.000000E-35  1.000000E-35
   7.250000E+05  1.000000E-35  1.000000E-35
   7.283333E+05  1.000000E-35  1.000000E-35
   7.316667E+05  1.000000E-35  1.000000E-35
   7.350000E+05  1.000000E-35  1.000000E-35
   7.383333E+05  1.000000E-35  1.000000E-35
   7.416667E+05  1.000000E-35  1.000000E-35
   7.450000E+05  1.000000E-35  1.000000E-35
   7.483333E+05  1.000000E-35  1.000000E-35
   7.516667E+05  1.000000E-35  1.000000E-35
   7.550000E+05  1.000000E-35  1.000000E-35
   7.583333E+05  1.000000E-35  1.000000E-35
   7.616667E+05  1.000000E-35  1.000000E-35
   7.650000E+05  1.000000E-35  1.000000E-35
   7.683333E+05  1.000000E-35  1.000000E-35
   7.716667E+05  1.000000E-35  1.000000E-35
   7.750000E+05  1.000000E-35  1.000000E-35
   7.783333E+05  1.000000E-35  1.000000E-35
   7.816667E+05  1.000000E-35  1.000000E-35
   7.850000E+05  1.000000E-35  1.000000E-35
   7.883333E+05  1.000000E-35  1.000000E-35
   7.916667E+05  1.000000E-35  1.000000E-35
   7.950000E+05  1.000000E-35  1.000000E-35
   7.983333E+05  1.000000E-35  1.000000E-35
   8.016667E+05  1.000000E-35  1.000000E-35
   8.050000E+05  1.000000E-35  1.000000E-35
   8.083333E+05  1.000000E-35  1.000000E-35
   8.116667E+05  1.000000E-35  1.000000E-35
   8.150000E+05  1.000000E-35  1.000000E-35
   8.183333E+05  1.000000E-35  1.000000E-35
   8.216667E+05  1.000000E-35  1.000000E-35
   8.250000E+05  1.000000E-35  1.000000E-35
   8.283333E+05  1.000000E-35  1.000000E-35
   8.316667E+05  1.000000E-35  1.000000E-35
   8.350000E+05  1.000000E-35  1.000000E-35
   8.383333E+05  1.000000E-35  1.000000E-35
   8.416667E+05  1.000000E-35  1.000000E-35
   8.450000E+05  1.000000E-35  1.000000E-35
   8.483333E+05  1.000000E-35  1.000000E-35
   8.516667E+05  1.000000E-35  1.000000E-35
   8.550000E+05  1.000000E-35  1.000000E-35
   8.583333E+05  1.000000E-35  1.000000E-35
   8.616667E+05  1.000000E-35  1.000000E-35
   8.650000E+05  1.000000E-35  1.000000E-35
   8.683333E+05  1.000000E-35  1.000000E-35
   8.716667E+05  1.000000E-35  1.000000E-35
   8.750000E+05  1.000000E-35  1.000000E-35
   8.783333E+05  1.000000E-35  1.000000E-35
   8.816667E+05  1.000000E-35  1.000000E-35
   8.850000E+05  1.000000E-35  1.000000E-35
   8.883333E+05  1.000000E-35  1.000000E-35
   8.916667E+05  1.000000E-35  1.000000E-35
   8.950000E+05  1.000000E-35  1.000000E-35
   8.983333E+05  1.000000E-35  1.000000E-35
   9.016667E+05  1.000000E-35  1.000000E-35
   9.050000E+05  1.000000E-35  1.000000E-35
   9.083333E+05  1.000000E-35  1.000000E-35
   9.116667E+05  1.000000E-35  1.000000E-35
   9.150000E+05  1.000000E-35  1.000000E-35
   9.183333E+05  1.000000E-35  1.000000E-35
   9.216667E+05  1.000000E-35  1.000000E-35
   9.250000E+05  1.000000E-35  1.000000E-35
   9.283333E+05  1.000000E-35  1.000000E-35
   9.316667E+05  1.000000E-35  1.000000E-35
   9.350000E+05  1.000000E-35  1.000000E-35
   9.383333E+05  1.000000E-35  1.000000E-35
   9.416667E+05  1.000000E-35  1.000000E-35
   9.450000E+05  1.000000E-35  1.000000E-35
   9.483333E+05  1.000000E-35  1.000000E-35
   9.516667E+05  1.000000E-35  1.000000E-35
   9.550000E+05  1.000000E-35  1.000000E-35
   9.583333E+05  1.000000E-35  1.000000E-35
   9.616667E+05  1.000000E-35  1.000000E-35
   9.650000E+05  1.000000E-35  1.000000E-35
   9.683333E+05  1.000000E-35  1.000000E-35
   9.716667E+05  1.000000E-35  1.000000E-35
   9.750000E+05  1.000000E-35  1.000000E-35
   9.783333E+05  1.000000E-35  1.000000E-35
   9.816667E+05  1.000000E-35  1.000000E-35
   9.850000E+05  1.000000E-35  1.000000E-35
   9.883333E+05  1.000000E-35  1.000000E-35
   9.916667E+05  1.000000E-35  1.000000E-35
   9.950000E+05  1.000000E-35  1.000000E-35
   9.983333E+05  1.000000E-35  1.000000E-35
