 #  Results from PENMAIN.
 #  Angular distribution of emerging positrons.
 #  1st and 2nd columns: THETA and PHI (deg).
 #  3rd and 4th columns: probability density and STU (1/sr)

   1.000000E+00  1.800000E+02  1.000000E-35  1.000000E-35
   3.000000E+00  1.800000E+02  1.000000E-35  1.000000E-35
   5.000000E+00  1.800000E+02  1.000000E-35  1.000000E-35
   7.000000E+00  1.800000E+02  1.000000E-35  1.000000E-35
   9.000000E+00  1.800000E+02  1.000000E-35  1.000000E-35
   1.100000E+01  1.800000E+02  1.000000E-35  1.000000E-35
   1.300000E+01  1.800000E+02  1.000000E-35  1.000000E-35
   1.500000E+01  1.800000E+02  1.000000E-35  1.000000E-35
   1.700000E+01  1.800000E+02  1.000000E-35  1.000000E-35
   1.900000E+01  1.800000E+02  1.000000E-35  1.000000E-35
   2.100000E+01  1.800000E+02  1.000000E-35  1.000000E-35
   2.300000E+01  1.800000E+02  1.000000E-35  1.000000E-35
   2.500000E+01  1.800000E+02  1.000000E-35  1.000000E-35
   2.700000E+01  1.800000E+02  1.000000E-35  1.000000E-35
   2.900000E+01  1.800000E+02  1.000000E-35  1.000000E-35
   3.100000E+01  1.800000E+02  1.000000E-35  1.000000E-35
   3.300000E+01  1.800000E+02  1.000000E-35  1.000000E-35
   3.500000E+01  1.800000E+02  1.000000E-35  1.000000E-35
   3.700000E+01  1.800000E+02  1.000000E-35  1.000000E-35
   3.900000E+01  1.800000E+02  1.000000E-35  1.000000E-35
   4.100000E+01  1.800000E+02  1.000000E-35  1.000000E-35
   4.300000E+01  1.800000E+02  1.000000E-35  1.000000E-35
   4.500000E+01  1.800000E+02  1.000000E-35  1.000000E-35
   4.700000E+01  1.800000E+02  1.000000E-35  1.000000E-35
   4.900000E+01  1.800000E+02  1.000000E-35  1.000000E-35
   5.100000E+01  1.800000E+02  1.000000E-35  1.000000E-35
   5.300000E+01  1.800000E+02  1.000000E-35  1.000000E-35
   5.500000E+01  1.800000E+02  1.000000E-35  1.000000E-35
   5.700000E+01  1.800000E+02  1.000000E-35  1.000000E-35
   5.900000E+01  1.800000E+02  1.000000E-35  1.000000E-35
   6.100000E+01  1.800000E+02  1.000000E-35  1.000000E-35
   6.300000E+01  1.800000E+02  1.000000E-35  1.000000E-35
   6.500000E+01  1.800000E+02  1.000000E-35  1.000000E-35
   6.700000E+01  1.800000E+02  1.000000E-35  1.000000E-35
   6.900000E+01  1.800000E+02  1.000000E-35  1.000000E-35
   7.100000E+01  1.800000E+02  1.000000E-35  1.000000E-35
   7.300000E+01  1.800000E+02  1.000000E-35  1.000000E-35
   7.500000E+01  1.800000E+02  1.000000E-35  1.000000E-35
   7.700000E+01  1.800000E+02  1.000000E-35  1.000000E-35
   7.900000E+01  1.800000E+02  1.000000E-35  1.000000E-35
   8.100000E+01  1.800000E+02  1.000000E-35  1.000000E-35
   8.300000E+01  1.800000E+02  1.000000E-35  1.000000E-35
   8.500000E+01  1.800000E+02  1.000000E-35  1.000000E-35
   8.700000E+01  1.800000E+02  1.000000E-35  1.000000E-35
   8.900000E+01  1.800000E+02  1.000000E-35  1.000000E-35
   9.100000E+01  1.800000E+02  1.000000E-35  1.000000E-35
   9.300000E+01  1.800000E+02  1.000000E-35  1.000000E-35
   9.500000E+01  1.800000E+02  1.000000E-35  1.000000E-35
   9.700000E+01  1.800000E+02  1.000000E-35  1.000000E-35
   9.900000E+01  1.800000E+02  1.000000E-35  1.000000E-35
   1.010000E+02  1.800000E+02  1.000000E-35  1.000000E-35
   1.030000E+02  1.800000E+02  1.000000E-35  1.000000E-35
   1.050000E+02  1.800000E+02  1.000000E-35  1.000000E-35
   1.070000E+02  1.800000E+02  1.000000E-35  1.000000E-35
   1.090000E+02  1.800000E+02  1.000000E-35  1.000000E-35
   1.110000E+02  1.800000E+02  1.000000E-35  1.000000E-35
   1.130000E+02  1.800000E+02  1.000000E-35  1.000000E-35
   1.150000E+02  1.800000E+02  1.000000E-35  1.000000E-35
   1.170000E+02  1.800000E+02  1.000000E-35  1.000000E-35
   1.190000E+02  1.800000E+02  1.000000E-35  1.000000E-35
   1.210000E+02  1.800000E+02  1.000000E-35  1.000000E-35
   1.230000E+02  1.800000E+02  1.000000E-35  1.000000E-35
   1.250000E+02  1.800000E+02  1.000000E-35  1.000000E-35
   1.270000E+02  1.800000E+02  1.000000E-35  1.000000E-35
   1.290000E+02  1.800000E+02  1.000000E-35  1.000000E-35
   1.310000E+02  1.800000E+02  1.000000E-35  1.000000E-35
   1.330000E+02  1.800000E+02  1.000000E-35  1.000000E-35
   1.350000E+02  1.800000E+02  1.000000E-35  1.000000E-35
   1.370000E+02  1.800000E+02  1.000000E-35  1.000000E-35
   1.390000E+02  1.800000E+02  1.000000E-35  1.000000E-35
   1.410000E+02  1.800000E+02  1.000000E-35  1.000000E-35
   1.430000E+02  1.800000E+02  1.000000E-35  1.000000E-35
   1.450000E+02  1.800000E+02  1.000000E-35  1.000000E-35
   1.470000E+02  1.800000E+02  1.000000E-35  1.000000E-35
   1.490000E+02  1.800000E+02  1.000000E-35  1.000000E-35
   1.510000E+02  1.800000E+02  1.000000E-35  1.000000E-35
   1.530000E+02  1.800000E+02  1.000000E-35  1.000000E-35
   1.550000E+02  1.800000E+02  1.000000E-35  1.000000E-35
   1.570000E+02  1.800000E+02  1.000000E-35  1.000000E-35
   1.590000E+02  1.800000E+02  1.000000E-35  1.000000E-35
   1.610000E+02  1.800000E+02  1.000000E-35  1.000000E-35
   1.630000E+02  1.800000E+02  1.000000E-35  1.000000E-35
   1.650000E+02  1.800000E+02  1.000000E-35  1.000000E-35
   1.670000E+02  1.800000E+02  1.000000E-35  1.000000E-35
   1.690000E+02  1.800000E+02  1.000000E-35  1.000000E-35
   1.710000E+02  1.800000E+02  1.000000E-35  1.000000E-35
   1.730000E+02  1.800000E+02  1.000000E-35  1.000000E-35
   1.750000E+02  1.800000E+02  1.000000E-35  1.000000E-35
   1.770000E+02  1.800000E+02  1.000000E-35  1.000000E-35
   1.790000E+02  1.800000E+02  1.000000E-35  1.000000E-35
